0.000000000000000000e+00
0.000000000000000000e+00
0.000000000000000000e+00
0.000000000000000000e+00
0.000000000000000000e+00
0.000000000000000000e+00
0.000000000000000000e+00
0.000000000000000000e+00
0.000000000000000000e+00
0.000000000000000000e+00
0.000000000000000000e+00
0.000000000000000000e+00
0.000000000000000000e+00
0.000000000000000000e+00
0.000000000000000000e+00
0.000000000000000000e+00
0.000000000000000000e+00
0.000000000000000000e+00
0.000000000000000000e+00
0.000000000000000000e+00
0.000000000000000000e+00
0.000000000000000000e+00
0.000000000000000000e+00
0.000000000000000000e+00
0.000000000000000000e+00
0.000000000000000000e+00
0.000000000000000000e+00
0.000000000000000000e+00
0.000000000000000000e+00
1.000000000000000000e+00
0.000000000000000000e+00
0.000000000000000000e+00
1.000000000000000000e+00
1.800000000000000000e+01
0.000000000000000000e+00
1.000000000000000000e+00
0.000000000000000000e+00
0.000000000000000000e+00
3.000000000000000000e+00
1.000000000000000000e+00
1.000000000000000000e+00
4.000000000000000000e+00
1.000000000000000000e+00
1.000000000000000000e+00
0.000000000000000000e+00
0.000000000000000000e+00
0.000000000000000000e+00
1.000000000000000000e+00
0.000000000000000000e+00
0.000000000000000000e+00
0.000000000000000000e+00
2.000000000000000000e+00
0.000000000000000000e+00
6.000000000000000000e+00
2.000000000000000000e+00
3.000000000000000000e+00
2.000000000000000000e+00
8.000000000000000000e+00
1.300000000000000000e+01
4.000000000000000000e+00
2.200000000000000000e+01
4.200000000000000000e+01
6.000000000000000000e+01
6.200000000000000000e+01
5.100000000000000000e+01
8.900000000000000000e+01
7.400000000000000000e+01
5.800000000000000000e+01
1.640000000000000000e+02
2.860000000000000000e+02
4.280000000000000000e+02
5.220000000000000000e+02
5.260000000000000000e+02
3.710000000000000000e+02
4.530000000000000000e+02
6.230000000000000000e+02
8.260000000000000000e+02
1.025000000000000000e+03
1.090000000000000000e+03
1.337000000000000000e+03
1.183000000000000000e+03
1.361000000000000000e+03
2.289000000000000000e+03
2.353000000000000000e+03
2.666000000000000000e+03
3.039000000000000000e+03
3.154000000000000000e+03
2.774000000000000000e+03
2.818000000000000000e+03
4.195000000000000000e+03
4.463000000000000000e+03
4.891000000000000000e+03
4.824000000000000000e+03
4.853000000000000000e+03
3.976000000000000000e+03
3.556000000000000000e+03
5.273000000000000000e+03
5.477000000000000000e+03
5.146000000000000000e+03
4.875000000000000000e+03
4.327000000000000000e+03
3.585000000000000000e+03
3.507000000000000000e+03
4.203000000000000000e+03
4.335000000000000000e+03
5.070000000000000000e+03
5.292000000000000000e+03
4.977000000000000000e+03
4.744000000000000000e+03
3.881000000000000000e+03
4.441000000000000000e+03
4.795000000000000000e+03
5.517000000000000000e+03
5.167000000000000000e+03
4.961000000000000000e+03
3.757000000000000000e+03
3.476000000000000000e+03
4.739000000000000000e+03
4.719000000000000000e+03
5.433000000000000000e+03
4.961000000000000000e+03
4.766000000000000000e+03
3.258000000000000000e+03
3.002000000000000000e+03
3.398000000000000000e+03
3.686000000000000000e+03
3.832000000000000000e+03
3.787000000000000000e+03
3.064000000000000000e+03
2.170000000000000000e+03
2.337000000000000000e+03
3.612000000000000000e+03
3.410000000000000000e+03
3.330000000000000000e+03
2.630000000000000000e+03
2.530000000000000000e+03
2.082000000000000000e+03
1.837000000000000000e+03
2.581000000000000000e+03
3.063000000000000000e+03
2.719000000000000000e+03
2.567000000000000000e+03
2.057000000000000000e+03
1.532000000000000000e+03
1.373000000000000000e+03
1.625000000000000000e+03
2.070000000000000000e+03
1.825000000000000000e+03
1.757000000000000000e+03
1.531000000000000000e+03
1.132000000000000000e+03
1.080000000000000000e+03
1.439000000000000000e+03
1.492000000000000000e+03
1.369000000000000000e+03
1.249000000000000000e+03
1.123000000000000000e+03
8.040000000000000000e+02
7.220000000000000000e+02
1.099000000000000000e+03
1.165000000000000000e+03
1.196000000000000000e+03
1.013000000000000000e+03
1.053000000000000000e+03
8.860000000000000000e+02
8.260000000000000000e+02
1.045000000000000000e+03
1.103000000000000000e+03
1.017000000000000000e+03
1.022000000000000000e+03
9.930000000000000000e+02
6.830000000000000000e+02
6.360000000000000000e+02
8.990000000000000000e+02
8.830000000000000000e+02
7.770000000000000000e+02
7.260000000000000000e+02
6.660000000000000000e+02
6.530000000000000000e+02
4.490000000000000000e+02
7.240000000000000000e+02
6.230000000000000000e+02
6.520000000000000000e+02
6.060000000000000000e+02
5.680000000000000000e+02
3.990000000000000000e+02
5.580000000000000000e+02
7.140000000000000000e+02
6.090000000000000000e+02
7.130000000000000000e+02
7.220000000000000000e+02
5.680000000000000000e+02
4.590000000000000000e+02
3.660000000000000000e+02
7.400000000000000000e+02
7.050000000000000000e+02
7.770000000000000000e+02
7.120000000000000000e+02
5.820000000000000000e+02
5.050000000000000000e+02
4.480000000000000000e+02
8.300000000000000000e+02
7.880000000000000000e+02
8.160000000000000000e+02
8.080000000000000000e+02
7.740000000000000000e+02
5.300000000000000000e+02
5.630000000000000000e+02
8.690000000000000000e+02
8.560000000000000000e+02
1.062000000000000000e+03
9.460000000000000000e+02
6.980000000000000000e+02
5.590000000000000000e+02
5.640000000000000000e+02
1.060000000000000000e+03
1.066000000000000000e+03
1.092000000000000000e+03
1.105000000000000000e+03
9.730000000000000000e+02
7.100000000000000000e+02
6.270000000000000000e+02
1.499000000000000000e+03
1.378000000000000000e+03
1.242000000000000000e+03
1.156000000000000000e+03
1.185000000000000000e+03
7.140000000000000000e+02
6.020000000000000000e+02
1.298000000000000000e+03
1.116000000000000000e+03
1.282000000000000000e+03
1.498000000000000000e+03
1.218000000000000000e+03
8.420000000000000000e+02
8.310000000000000000e+02
1.301000000000000000e+03
1.270000000000000000e+03
1.388000000000000000e+03
1.591000000000000000e+03
1.632000000000000000e+03
1.230000000000000000e+03
1.171000000000000000e+03
1.513000000000000000e+03
2.288000000000000000e+03
3.077000000000000000e+03
3.152000000000000000e+03
3.092000000000000000e+03
2.551000000000000000e+03
2.465000000000000000e+03
3.931000000000000000e+03
3.370000000000000000e+03
3.365000000000000000e+03
3.628000000000000000e+03
3.324000000000000000e+03
2.670000000000000000e+03
2.154000000000000000e+03
3.428000000000000000e+03
3.551000000000000000e+03
4.399000000000000000e+03
4.675000000000000000e+03
4.973000000000000000e+03
4.889000000000000000e+03
5.340000000000000000e+03
5.627000000000000000e+03
6.441000000000000000e+03
7.096000000000000000e+03
7.682000000000000000e+03
7.318000000000000000e+03
6.810000000000000000e+03
7.023000000000000000e+03
9.983000000000000000e+03
1.036600000000000000e+04
1.271700000000000000e+04
1.335700000000000000e+04
1.385400000000000000e+04
1.166700000000000000e+04
1.195300000000000000e+04
1.675300000000000000e+04
1.725000000000000000e+04
1.857300000000000000e+04
1.842500000000000000e+04
1.589300000000000000e+04
1.264800000000000000e+04
1.220200000000000000e+04
1.967100000000000000e+04
1.911600000000000000e+04
1.992000000000000000e+04
1.860700000000000000e+04
1.791500000000000000e+04
1.488200000000000000e+04
1.431100000000000000e+04
2.587200000000000000e+04
2.561300000000000000e+04
2.571400000000000000e+04
2.347500000000000000e+04
2.169400000000000000e+04
1.643400000000000000e+04
1.589600000000000000e+04
2.680700000000000000e+04
2.435000000000000000e+04
2.390100000000000000e+04
2.361400000000000000e+04
2.289000000000000000e+04
1.667300000000000000e+04
1.597000000000000000e+04
3.192500000000000000e+04
2.594300000000000000e+04
2.402700000000000000e+04
2.406200000000000000e+04
2.366000000000000000e+04
1.876600000000000000e+04
2.024500000000000000e+04
3.151100000000000000e+04
2.778900000000000000e+04
2.775700000000000000e+04
2.482600000000000000e+04
2.438900000000000000e+04
1.822300000000000000e+04
1.623200000000000000e+04
2.695100000000000000e+04
2.348700000000000000e+04
2.108000000000000000e+04
1.804100000000000000e+04
1.710000000000000000e+04
1.253300000000000000e+04
1.189500000000000000e+04
1.902400000000000000e+04
1.667700000000000000e+04
1.681300000000000000e+04
1.476100000000000000e+04
1.455500000000000000e+04
1.108600000000000000e+04
1.085100000000000000e+04
1.819700000000000000e+04
1.668400000000000000e+04
1.667600000000000000e+04
1.586000000000000000e+04
1.583400000000000000e+04
1.289300000000000000e+04
1.373100000000000000e+04
2.158500000000000000e+04
2.106500000000000000e+04
2.190900000000000000e+04
2.291600000000000000e+04
2.439000000000000000e+04
1.958800000000000000e+04
2.226600000000000000e+04
3.519700000000000000e+04
3.437800000000000000e+04
3.542700000000000000e+04
3.443800000000000000e+04
3.641900000000000000e+04
2.559000000000000000e+04
3.306600000000000000e+04
4.819200000000000000e+04
4.647500000000000000e+04
4.293600000000000000e+04
3.239200000000000000e+04
1.441900000000000000e+04
4.111000000000000000e+04
4.852000000000000000e+04
4.640900000000000000e+04
8.309000000000000000e+04
7.216100000000000000e+04
5.394600000000000000e+04
3.248200000000000000e+04
6.165400000000000000e+04
5.633500000000000000e+04
7.797200000000000000e+04
6.663700000000000000e+04
5.878400000000000000e+04
5.318700000000000000e+04
4.810500000000000000e+04
4.003500000000000000e+04
3.717400000000000000e+04
5.859200000000000000e+04
5.064700000000000000e+04
4.650900000000000000e+04
4.347300000000000000e+04
4.145100000000000000e+04
3.124900000000000000e+04
2.959200000000000000e+04
4.595800000000000000e+04
4.052600000000000000e+04
3.598600000000000000e+04
3.250200000000000000e+04
3.033000000000000000e+04
2.234500000000000000e+04
1.755400000000000000e+04
3.073700000000000000e+04
2.773000000000000000e+04
2.630300000000000000e+04
2.477300000000000000e+04
2.243300000000000000e+04
1.716700000000000000e+04
1.578300000000000000e+04
2.297200000000000000e+04
2.026600000000000000e+04
1.991400000000000000e+04
1.849300000000000000e+04
1.630800000000000000e+04
1.232000000000000000e+04
1.166400000000000000e+04
1.619400000000000000e+04
1.422500000000000000e+04
1.389900000000000000e+04
1.313900000000000000e+04
1.257300000000000000e+04
9.035000000000000000e+03
8.994000000000000000e+03
1.473500000000000000e+04
1.294100000000000000e+04
1.194200000000000000e+04
1.179400000000000000e+04
1.072800000000000000e+04
8.313000000000000000e+03
8.097000000000000000e+03
1.165600000000000000e+04
9.763000000000000000e+03
8.846000000000000000e+03
8.025000000000000000e+03
6.783000000000000000e+03
4.949000000000000000e+03
4.873000000000000000e+03
7.192000000000000000e+03
6.919000000000000000e+03
6.172000000000000000e+03
5.937000000000000000e+03
5.467000000000000000e+03
4.628000000000000000e+03
4.410000000000000000e+03
6.890000000000000000e+03
6.488000000000000000e+03
6.251000000000000000e+03
5.933000000000000000e+03
5.716000000000000000e+03
4.379000000000000000e+03
4.425000000000000000e+03
6.698000000000000000e+03
5.849000000000000000e+03
5.976000000000000000e+03
5.623000000000000000e+03
5.176000000000000000e+03
4.246000000000000000e+03
5.388000000000000000e+03
6.458000000000000000e+03
5.481000000000000000e+03
6.224000000000000000e+03
5.616000000000000000e+03
4.567000000000000000e+03
3.731000000000000000e+03
5.029000000000000000e+03
4.196000000000000000e+03
3.779000000000000000e+03
3.967000000000000000e+03
3.674000000000000000e+03
2.747000000000000000e+03
2.506000000000000000e+03
2.413000000000000000e+03
2.744000000000000000e+03
3.312000000000000000e+03
3.253000000000000000e+03
3.147000000000000000e+03
2.952000000000000000e+03
2.380000000000000000e+03
2.376000000000000000e+03
2.880000000000000000e+03
2.495000000000000000e+03
2.512000000000000000e+03
2.345000000000000000e+03
2.347000000000000000e+03
1.722000000000000000e+03
2.584000000000000000e+03
2.738000000000000000e+03
2.541000000000000000e+03
2.709000000000000000e+03
2.409000000000000000e+03
2.020000000000000000e+03
1.564000000000000000e+03
2.119000000000000000e+03
2.627000000000000000e+03
2.177000000000000000e+03
2.499000000000000000e+03
2.230000000000000000e+03
1.825000000000000000e+03
1.431000000000000000e+03
1.521000000000000000e+03
2.084000000000000000e+03
2.551000000000000000e+03
2.569000000000000000e+03
2.325000000000000000e+03
1.981000000000000000e+03
1.608000000000000000e+03
2.307000000000000000e+03
2.808000000000000000e+03
2.328000000000000000e+03
2.334000000000000000e+03
2.182000000000000000e+03
1.936000000000000000e+03
1.626000000000000000e+03
1.922000000000000000e+03
2.858000000000000000e+03
2.812000000000000000e+03
2.812000000000000000e+03
2.517000000000000000e+03
2.365000000000000000e+03
2.000000000000000000e+03
2.326000000000000000e+03
3.368000000000000000e+03
3.427000000000000000e+03
3.921000000000000000e+03
3.747000000000000000e+03
3.589000000000000000e+03
3.000000000000000000e+03
3.164000000000000000e+03
3.897000000000000000e+03
5.431000000000000000e+03
6.168000000000000000e+03
6.256000000000000000e+03
5.860000000000000000e+03
4.731000000000000000e+03
5.533000000000000000e+03
7.945000000000000000e+03
7.896000000000000000e+03
8.210000000000000000e+03
8.042000000000000000e+03
7.619000000000000000e+03
6.284000000000000000e+03
7.135000000000000000e+03
1.036200000000000000e+04
1.079600000000000000e+04
1.105200000000000000e+04
1.110600000000000000e+04
1.032000000000000000e+04
8.446000000000000000e+03
1.008800000000000000e+04
1.630700000000000000e+04
1.740300000000000000e+04
1.835000000000000000e+04
1.871200000000000000e+04
1.816900000000000000e+04
1.630100000000000000e+04
1.850200000000000000e+04
2.841800000000000000e+04
2.819900000000000000e+04
2.892300000000000000e+04
2.879400000000000000e+04
2.634000000000000000e+04
2.401000000000000000e+04
2.517000000000000000e+04
3.491900000000000000e+04
3.606000000000000000e+04
3.859700000000000000e+04
3.401600000000000000e+04
3.280300000000000000e+04
2.837900000000000000e+04
3.050300000000000000e+04
4.451200000000000000e+04
4.770600000000000000e+04
5.490900000000000000e+04
6.200000000000000000e+04
5.526300000000000000e+04
3.847500000000000000e+04
3.618100000000000000e+04
4.792400000000000000e+04
3.987700000000000000e+04
3.554800000000000000e+04
3.127800000000000000e+04
2.781700000000000000e+04
2.285200000000000000e+04
2.218700000000000000e+04
2.998000000000000000e+04
2.958100000000000000e+04
3.023700000000000000e+04
2.843200000000000000e+04
2.474900000000000000e+04
2.056900000000000000e+04
2.098500000000000000e+04
2.984000000000000000e+04
3.047200000000000000e+04
3.233800000000000000e+04
3.165900000000000000e+04
2.803600000000000000e+04
2.254000000000000000e+04
2.288700000000000000e+04
3.216200000000000000e+04
3.151800000000000000e+04
3.334900000000000000e+04
3.172600000000000000e+04
2.897300000000000000e+04
2.505700000000000000e+04
2.532600000000000000e+04
3.690600000000000000e+04
3.791900000000000000e+04
3.873900000000000000e+04
3.650000000000000000e+04
3.223100000000000000e+04
2.853300000000000000e+04
2.874300000000000000e+04
3.971500000000000000e+04
3.768200000000000000e+04
3.877700000000000000e+04
3.761300000000000000e+04
3.374300000000000000e+04
2.759900000000000000e+04
2.613500000000000000e+04
3.477300000000000000e+04
4.521200000000000000e+04
4.353200000000000000e+04
4.232900000000000000e+04
3.863000000000000000e+04
3.181000000000000000e+04
3.180300000000000000e+04
4.492900000000000000e+04
3.861900000000000000e+04
3.584900000000000000e+04
3.397400000000000000e+04
2.918700000000000000e+04
2.353300000000000000e+04
2.406000000000000000e+04
3.465800000000000000e+04
3.143400000000000000e+04
3.041400000000000000e+04
2.970900000000000000e+04
2.947900000000000000e+04
2.664500000000000000e+04
3.108400000000000000e+04
4.076800000000000000e+04
3.884800000000000000e+04
3.675700000000000000e+04
3.585100000000000000e+04
3.210900000000000000e+04
2.856700000000000000e+04
3.208300000000000000e+04
4.158900000000000000e+04
3.654700000000000000e+04
3.483600000000000000e+04
3.260500000000000000e+04
2.905800000000000000e+04
2.631600000000000000e+04
3.205800000000000000e+04
4.373400000000000000e+04
3.927800000000000000e+04
3.926400000000000000e+04
3.846500000000000000e+04
3.561100000000000000e+04
3.230600000000000000e+04
3.641800000000000000e+04
5.030400000000000000e+04
4.832100000000000000e+04
4.777300000000000000e+04
4.642000000000000000e+04
4.356000000000000000e+04
3.787800000000000000e+04
4.375300000000000000e+04
5.774300000000000000e+04
5.252900000000000000e+04
5.166100000000000000e+04
4.519300000000000000e+04
4.066500000000000000e+04
3.510300000000000000e+04
3.576500000000000000e+04
4.746500000000000000e+04
4.212400000000000000e+04
4.304500000000000000e+04
4.139100000000000000e+04
4.025100000000000000e+04
3.356900000000000000e+04
3.481400000000000000e+04
4.510900000000000000e+04
3.801900000000000000e+04
3.598600000000000000e+04
3.366100000000000000e+04
3.031800000000000000e+04
2.743600000000000000e+04
3.058600000000000000e+04
4.412800000000000000e+04
4.224600000000000000e+04
4.294200000000000000e+04
4.099900000000000000e+04
3.776500000000000000e+04
3.288300000000000000e+04
3.553000000000000000e+04
5.094900000000000000e+04
4.642900000000000000e+04
4.589400000000000000e+04
4.406100000000000000e+04
3.960800000000000000e+04
3.533500000000000000e+04
3.725200000000000000e+04
5.073300000000000000e+04
4.819700000000000000e+04
4.677100000000000000e+04
4.342400000000000000e+04
3.932900000000000000e+04
3.330000000000000000e+04
3.970400000000000000e+04
5.629000000000000000e+04
5.569400000000000000e+04
5.481900000000000000e+04
5.032000000000000000e+04
4.566700000000000000e+04
3.878200000000000000e+04
4.105100000000000000e+04
5.969200000000000000e+04
5.625200000000000000e+04
5.882500000000000000e+04
5.699400000000000000e+04
5.249100000000000000e+04
4.859400000000000000e+04
5.315700000000000000e+04
8.717000000000000000e+04
1.027860000000000000e+05
1.126990000000000000e+05
1.060480000000000000e+05
9.587900000000000000e+04
8.888300000000000000e+04
8.912900000000000000e+04
1.339660000000000000e+05
1.502920000000000000e+05
1.615610000000000000e+05
1.606340000000000000e+05
1.372680000000000000e+05
7.036200000000000000e+04
1.162750000000000000e+05
1.950070000000000000e+05
2.124630000000000000e+05
2.727900000000000000e+05
2.365730000000000000e+05
1.885640000000000000e+05
1.182690000000000000e+05
1.810650000000000000e+05
2.298960000000000000e+05
2.756470000000000000e+05
2.221700000000000000e+05
1.729800000000000000e+05
1.202880000000000000e+05
9.361200000000000000e+04
9.578800000000000000e+04
1.329550000000000000e+05
1.152440000000000000e+05
1.032210000000000000e+05
9.641200000000000000e+04
8.632500000000000000e+04
7.794800000000000000e+04
9.809400000000000000e+04
1.315140000000000000e+05
1.188570000000000000e+05
1.117580000000000000e+05
1.003250000000000000e+05
9.173000000000000000e+04
8.173300000000000000e+04
1.023640000000000000e+05
1.273640000000000000e+05
1.132010000000000000e+05
1.086680000000000000e+05
9.620200000000000000e+04
8.402600000000000000e+04
7.350500000000000000e+04
8.769800000000000000e+04
1.050470000000000000e+05
9.394900000000000000e+04
8.841700000000000000e+04
7.664200000000000000e+04
6.326400000000000000e+04
5.230400000000000000e+04
6.054700000000000000e+04
7.648300000000000000e+04
6.966100000000000000e+04
6.433900000000000000e+04
5.229200000000000000e+04
4.455700000000000000e+04
3.752700000000000000e+04
4.175500000000000000e+04
5.474600000000000000e+04
5.250100000000000000e+04
5.157000000000000000e+04
4.471600000000000000e+04
3.323900000000000000e+04
3.464800000000000000e+04
3.771700000000000000e+04
4.512700000000000000e+04
3.918600000000000000e+04
3.647600000000000000e+04
3.063100000000000000e+04
2.783300000000000000e+04
2.508600000000000000e+04
3.136000000000000000e+04
4.464100000000000000e+04
4.478800000000000000e+04
4.617400000000000000e+04
4.376100000000000000e+04
4.140700000000000000e+04
3.875300000000000000e+04
4.902300000000000000e+04
6.852100000000000000e+04
7.010700000000000000e+04
7.352900000000000000e+04
7.050300000000000000e+04
6.702900000000000000e+04
6.206800000000000000e+04
7.572900000000000000e+04
9.983300000000000000e+04
9.370300000000000000e+04
9.175400000000000000e+04
8.284900000000000000e+04
7.528300000000000000e+04
6.741200000000000000e+04
8.104900000000000000e+04
1.092810000000000000e+05
9.909400000000000000e+04
9.417600000000000000e+04
8.289700000000000000e+04
7.243000000000000000e+04
6.145100000000000000e+04
6.833500000000000000e+04
9.285200000000000000e+04
8.012700000000000000e+04
7.364000000000000000e+04
5.478200000000000000e+04
4.746200000000000000e+04
3.758400000000000000e+04
4.217000000000000000e+04
5.371600000000000000e+04
4.910100000000000000e+04
4.474400000000000000e+04
3.870600000000000000e+04
3.298100000000000000e+04
2.788100000000000000e+04
3.094700000000000000e+04
3.736900000000000000e+04
3.376900000000000000e+04
3.168100000000000000e+04
2.663800000000000000e+04
2.161000000000000000e+04
1.991800000000000000e+04
2.014200000000000000e+04
2.521500000000000000e+04
2.576600000000000000e+04
2.144400000000000000e+04
1.846100000000000000e+04
1.569600000000000000e+04
1.320600000000000000e+04
1.471300000000000000e+04
1.709900000000000000e+04
1.455700000000000000e+04
1.304900000000000000e+04
1.159900000000000000e+04
1.000700000000000000e+04
8.354000000000000000e+03
9.032000000000000000e+03
1.189100000000000000e+04
1.331000000000000000e+04
1.166400000000000000e+04
1.021100000000000000e+04
8.943000000000000000e+03
7.516000000000000000e+03
9.062000000000000000e+03
1.069400000000000000e+04
9.743000000000000000e+03
8.722000000000000000e+03
7.638000000000000000e+03
6.937000000000000000e+03
6.118000000000000000e+03
7.973000000000000000e+03
9.417000000000000000e+03
8.284000000000000000e+03
7.636000000000000000e+03
6.818000000000000000e+03
5.817000000000000000e+03
5.018000000000000000e+03
5.997000000000000000e+03
7.312000000000000000e+03
6.679000000000000000e+03
6.291000000000000000e+03
5.751000000000000000e+03
5.406000000000000000e+03
4.988000000000000000e+03
5.678000000000000000e+03
7.114000000000000000e+03
7.091000000000000000e+03
7.013000000000000000e+03
6.209000000000000000e+03
6.637000000000000000e+03
7.490000000000000000e+03
9.815000000000000000e+03
1.174500000000000000e+04
1.140400000000000000e+04
1.178400000000000000e+04
1.131400000000000000e+04
1.078500000000000000e+04
1.007400000000000000e+04
1.269100000000000000e+04
1.527300000000000000e+04
1.513800000000000000e+04
1.483400000000000000e+04
1.422000000000000000e+04
1.391900000000000000e+04
1.362500000000000000e+04
1.699300000000000000e+04
1.994200000000000000e+04
2.089400000000000000e+04
2.086600000000000000e+04
1.958700000000000000e+04
1.834300000000000000e+04
1.679300000000000000e+04
2.077300000000000000e+04
2.509900000000000000e+04
2.503700000000000000e+04
2.459900000000000000e+04
2.423100000000000000e+04
2.363900000000000000e+04
2.196100000000000000e+04
2.777600000000000000e+04
3.369800000000000000e+04
3.141000000000000000e+04
2.968100000000000000e+04
2.645300000000000000e+04
2.460600000000000000e+04
2.124300000000000000e+04
2.508600000000000000e+04
2.982400000000000000e+04
2.694000000000000000e+04
2.385500000000000000e+04
2.109800000000000000e+04
1.835800000000000000e+04
1.501200000000000000e+04
1.723300000000000000e+04
1.871300000000000000e+04
1.666600000000000000e+04
1.616800000000000000e+04
1.415400000000000000e+04
1.237400000000000000e+04
9.927000000000000000e+03
1.127100000000000000e+04
1.329500000000000000e+04
1.171800000000000000e+04
1.053600000000000000e+04
9.324000000000000000e+03
8.503000000000000000e+03
7.323000000000000000e+03
8.419000000000000000e+03
9.829000000000000000e+03
9.163000000000000000e+03
8.341000000000000000e+03
7.287000000000000000e+03
6.547000000000000000e+03
5.418000000000000000e+03
6.543000000000000000e+03
8.055000000000000000e+03
7.306000000000000000e+03
6.727000000000000000e+03
6.182000000000000000e+03
5.330000000000000000e+03
4.483000000000000000e+03
5.359000000000000000e+03
6.407000000000000000e+03
5.539000000000000000e+03
4.986000000000000000e+03
4.432000000000000000e+03
3.829000000000000000e+03
3.268000000000000000e+03
4.068000000000000000e+03
5.148000000000000000e+03
4.715000000000000000e+03
4.526000000000000000e+03
3.774000000000000000e+03
3.434000000000000000e+03
3.084000000000000000e+03
3.429000000000000000e+03
4.647000000000000000e+03
5.187000000000000000e+03
4.568000000000000000e+03
4.230000000000000000e+03
3.656000000000000000e+03
3.315000000000000000e+03
4.171000000000000000e+03
4.152000000000000000e+03
3.450000000000000000e+03
2.093000000000000000e+03
